KInc = 100;
Kdec = 100;
Kp = 0.5;
Kp1 = 1;
Ki = 0.1;